version https://git-lfs.github.com/spec/v1
oid sha256:49ee88255fc4ffa3755f99928e5aa0a4368257c0339c1d04aa21fab33ca9a568
size 1615392
